-1.0039125680923462
-1.3264306783676147
-1.5224577188491821
-2.25632643699646
1.0064324140548706
-1.5653821229934692
-0.04059973359107971
1.3504492044448853
-0.660028874874115
-1.6909246444702148
0.5424409508705139
1.6099580526351929
1.3380502462387085
-1.2048157453536987
1.122403621673584
1.4140008687973022
1.279502034187317
-2.5150437355041504
0.2734307050704956
-1.5310832262039185
0.5088175535202026
1.3945410251617432
-0.3981463313102722
0.6887920498847961
-0.9933350682258606
-1.6648385524749756
1.473762035369873
-1.6632497310638428
-0.1032656878232956
-1.8193515539169312
0.34818050265312195
1.6515381336212158
0.23478621244430542
1.967835783958435
-2.0106871128082275
1.632058024406433
-0.07020144909620285
0.5850584506988525
1.0556614398956299
-1.9395440816879272
0.4675130248069763
1.0624803304672241
-0.5873991847038269
0.6751700639724731
-1.1292989253997803
-1.1119658946990967
1.618795394897461
0.21456314623355865
1.7480573654174805
-1.731500506401062
0.6373214721679688
-0.012669548392295837
1.445239543914795
-1.3003069162368774
0.16541990637779236
-1.1279579401016235
0.4194360673427582
1.0362762212753296
-0.7207479476928711
0.08118842542171478
1.068602204322815
-1.0449442863464355
0.11043721437454224
1.1804556846618652
-0.05986753851175308
1.9229093790054321
-0.06313444674015045
-1.7775107622146606
-0.17157098650932312
-2.520500421524048
1.4649333953857422
-0.9621668457984924
-0.5213603973388672
-1.5476062297821045
1.704943060874939
-1.0945981740951538
1.2046951055526733
-0.825258195400238
0.14147691428661346
-1.282019019126892
0.9263307452201843
-0.09490295499563217
-0.21049094200134277
1.5304925441741943
-1.5605688095092773
-0.584754228591919
0.6455711722373962
0.23119720816612244
-0.15365880727767944
-0.7406039834022522
0.4482244849205017
-0.6261223554611206
0.07055240869522095
1.0576263666152954
0.010019570589065552
-1.0176544189453125
-1.123204231262207
-0.955703854560852
0.7545173168182373
2.0903701782226562
-1.4973366260528564
-0.6958537101745605
-0.6317788362503052
1.3442577123641968
-1.105061650276184
0.5904708504676819
1.2870193719863892
0.7861695885658264
1.9884995222091675
1.2667115926742554
-1.3250617980957031
0.8776471614837646
-0.9125838279724121
1.2070492506027222
-0.7361328601837158
-2.019899606704712
-1.1167864799499512
1.588744878768921
0.9668139815330505
2.2219126224517822
1.4796093702316284
1.2269238233566284
-0.8482813239097595
-1.3240418434143066
1.642123818397522
0.8985335826873779
1.0514847040176392
0.9025769233703613
-1.2910574674606323
0.7984530329704285
0.7770087718963623
-0.5173535346984863
1.1556320190429688
0.053218692541122437
-0.21445399522781372
-2.108917474746704
-0.19750812649726868
-1.2225185632705688
0.952006995677948
-0.42201879620552063
0.7678351402282715
1.7402721643447876
-0.7916011214256287
2.310415267944336
0.09216853976249695
1.3836721181869507
0.3350929021835327
0.6320405602455139
0.2586256265640259
-1.1426739692687988
-1.4290505647659302
0.1368485391139984
-1.2104719877243042
-0.175901859998703
0.6125271320343018
1.1699225902557373
0.5032166838645935
2.773158073425293
-0.5236628651618958
-0.7146039009094238
0.6066929697990417
1.5517815351486206
1.2504665851593018
2.3072831630706787
-1.396333932876587
2.0894107818603516
1.3891383409500122
-1.4788330793380737
0.774140477180481
1.225586175918579
0.5040809512138367
1.8515559434890747
-1.0461606979370117
0.6388166546821594
2.012918472290039
-1.3448946475982666
-0.9402065873146057
-1.1529219150543213
0.6077947020530701
-1.6703805923461914
0.2889792323112488
0.7029650211334229
1.1547513008117676
0.006116006523370743
-0.47726646065711975
0.9571577310562134
1.3096789121627808
0.7351800799369812
-1.4587920904159546
-0.7618004083633423
-0.24941140413284302
2.13400936126709
1.4982341527938843
-0.11747977882623672
-0.5034770965576172
-1.1349328756332397
-1.4355661869049072
1.7004666328430176
0.22314536571502686
1.6686228513717651
0.21216821670532227
-0.5477254390716553
0.975124716758728
-1.3280105590820312
0.20643861591815948
-0.8915554285049438
1.9666621685028076
-1.4299702644348145
0.4254138171672821
0.9562185406684875
-0.18890100717544556
2.262040376663208
1.4536614418029785
-1.0961973667144775
1.2536214590072632
-1.738985538482666
0.531543493270874
-0.47559356689453125
1.0081446170806885
-0.8524567484855652
-0.33125221729278564
1.3905543088912964
0.8583253622055054
-1.9206311702728271
2.1009860038757324
-2.1125972270965576
-0.577514111995697
-0.054458245635032654
-0.2870050072669983
-0.7979444861412048
-0.22204118967056274
1.4573091268539429
-0.8710291385650635
0.703350305557251
-0.9091665148735046
-0.5818006992340088
0.7786364555358887
1.1942898035049438
-1.2221879959106445
1.3750718832015991
0.6412630081176758
0.8012889623641968
1.8509540557861328
-0.16856130957603455
0.9521939158439636
0.39451926946640015
-0.6870816349983215
-1.3863029479980469
0.29285818338394165
-2.3398048877716064
-1.1222138404846191
-2.056553602218628
0.1575929969549179
-1.0568453073501587
-0.26833468675613403
-0.1590799242258072
-0.9345002174377441
-0.9507018327713013
0.7623090744018555
-0.1434374451637268
1.4870723485946655
-0.3071250915527344
0.1285053789615631
1.0385257005691528
1.5325993299484253
0.04128749668598175
1.5691415071487427
-2.0083444118499756
-0.43505966663360596
-0.5039433836936951
-1.6222593784332275
-2.471198081970215
1.432409644126892
-1.1127803325653076
-1.8839472532272339
1.8089592456817627
-1.5253424644470215
-0.7267404794692993
1.6236464977264404
-0.11218467354774475
2.5610146522521973
2.0895469188690186
1.5090057849884033
0.25369691848754883
0.9391046762466431
1.2166969776153564
-1.375496506690979
0.5783226490020752
0.8921234607696533
0.5609632134437561
0.9458977580070496
-0.1459439992904663
0.15225864946842194
-0.6230520009994507
0.8034217953681946
0.03530248627066612
0.9595173597335815
-0.1177901029586792
-0.9158000946044922
-0.5682191252708435
0.7044061422348022
1.370732307434082
-0.5437605381011963
-0.45143964886665344
-1.03988778591156
0.28817957639694214
-1.178290605545044
-1.5180842876434326
-0.3567679822444916
-1.4088550806045532
1.1256486177444458
0.8796561360359192
-1.306208610534668
-0.7349406480789185
-0.29490330815315247
-0.8375658988952637
-1.2086423635482788
0.09434839338064194
-0.3391086757183075
-1.7358168363571167
-0.2790329158306122
-0.06548163294792175
1.2145899534225464
-1.5786333084106445
-0.06392646580934525
-0.029115885496139526
2.516293525695801
-0.16977807879447937
-2.797287702560425
-0.2519131600856781
1.968125343322754
1.1344667673110962
-1.4862086772918701
0.24051260948181152
0.3927036225795746
0.32982027530670166
2.641258955001831
-1.43192720413208
-1.117318868637085
1.2290325164794922
1.4279059171676636
0.3275715112686157
-0.1486799716949463
1.784725546836853
-2.1810388565063477
0.5521479249000549
-2.4161572456359863
1.6495699882507324
-1.7041934728622437
2.024632215499878
-0.9666924476623535
0.9831978678703308
-0.6992527842521667
1.3245489597320557
0.9294205904006958
-1.9337713718414307
1.8085737228393555
-0.7234855890274048
1.5072894096374512
-0.8373746275901794
-1.1764016151428223
-0.16124838590621948
-0.1311831772327423
-0.07595081627368927
-1.7565782070159912
0.9364482760429382
1.3066645860671997
1.3759874105453491
-0.9801355600357056
0.20892491936683655
-1.979011058807373
0.36013323068618774
1.3592736721038818
1.1593372821807861
-0.33450788259506226
-1.2321372032165527
-0.6708782911300659
0.8842717409133911
0.3607608675956726
-0.613068699836731
-1.942150354385376
0.9751794934272766
1.8982570171356201
-0.19987866282463074
-0.8374378681182861
1.1739574670791626
0.18220339715480804
-1.6306910514831543
-1.7066607475280762
0.021574445068836212
0.5854419469833374
-0.16995534300804138
1.187582015991211
-0.6234285831451416
2.1587038040161133
0.11814691126346588
2.6259889602661133
-1.1677380800247192
2.4552834033966064
-1.2292072772979736
0.6974294781684875
0.7823929786682129
0.8788273930549622
1.7766550779342651
-1.0597206354141235
2.703381299972534
-1.071911334991455
-1.995667576789856
-1.1643692255020142
0.9529691934585571
-1.6053273677825928
-2.1053378582000732
0.9860109090805054
-1.1247096061706543
-2.232201337814331
-0.3494095802307129
-1.3072259426116943
-2.2030272483825684
0.9244953989982605
1.7244892120361328
-1.9593689441680908
-2.4352145195007324
1.9448987245559692
1.7360512018203735
0.43166324496269226
0.3446617126464844
0.7636397480964661
1.1989195346832275
1.0428401231765747
-1.4647011756896973
0.4025023281574249
0.9051557779312134
-2.6491715908050537
-0.9199482798576355
0.9310594797134399
0.8194669485092163
-0.22593027353286743
-0.1989159882068634
1.228158712387085
-0.9829185605049133
0.6825470924377441
1.4192084074020386
-1.6774476766586304
-1.1169415712356567
-1.2614139318466187
1.457821011543274
-0.5797615051269531
0.39789748191833496
0.30494987964630127
1.3976891040802002
1.1789803504943848
-1.9166165590286255
-0.4485481381416321
0.6788430213928223
1.6809747219085693
0.4365694224834442
-0.39045441150665283
-1.1311867237091064
-1.1442116498947144
0.7349156737327576
-1.4892361164093018
0.435421884059906
1.2796896696090698
-0.411907821893692
-2.393181085586548
0.7273234128952026
-1.5726693868637085
-0.4360397458076477
0.08341995626688004
-0.7559006214141846
-0.432559072971344
0.22702226042747498
1.180753231048584
-0.7574251890182495
-0.11343501508235931
0.020083215087652206
1.6336952447891235
1.9590835571289062
-1.1327311992645264
0.7285320162773132
0.6355063915252686
0.5433791279792786
-0.07831171154975891
-1.0111541748046875
-0.017462730407714844
1.955392599105835
1.7183897495269775
-0.4177244305610657
-0.11682851612567902
1.5942184925079346
0.5881476402282715
-0.5856108665466309
0.6459004878997803
0.4092065095901489
1.1822844743728638
-0.30298781394958496
0.38081127405166626
1.857698678970337
1.5317237377166748
0.06947475671768188
-1.56022310256958
1.587324619293213
1.3282511234283447
1.317203164100647
1.1643058061599731
-1.3222942352294922
0.22130657732486725
-1.8039379119873047
-0.32813864946365356
0.0670962706208229
1.9439942836761475
0.8094236850738525
-0.2785220742225647
0.4545744061470032
0.9333269000053406
-1.2727129459381104
0.23145288228988647
1.5199131965637207
-1.0799705982208252
1.145220160484314
0.8931989073753357
-1.4640462398529053
-1.4260544776916504
-1.6322871446609497
-0.7801041603088379
-2.327319622039795
0.33057406544685364
1.5082656145095825
-2.234982490539551
-1.3755199909210205
-0.7963925004005432
0.07112658768892288
-1.1584268808364868
-2.0512325763702393
-0.778401255607605
-2.015596628189087
1.3148502111434937
-2.668938636779785
0.041630037128925323
0.9836198091506958
0.33319130539894104
-1.2302454710006714
1.5756962299346924
-1.3569155931472778
-0.624435544013977
1.4690191745758057
-2.2862043380737305
1.9480117559432983
1.8129085302352905
-0.4955008029937744
1.4344829320907593
-0.7791329622268677
-1.4896959066390991
-2.4164645671844482
1.309655785560608
-1.2167689800262451
2.294100761413574
-1.122667670249939
-1.8464683294296265
0.08679131418466568
0.5564714074134827
2.5636894702911377
-0.7431409955024719
0.12294237315654755
-1.871203899383545
0.8704385757446289
1.2649270296096802
1.2426643371582031
-1.345977783203125
0.23708637058734894
1.130624771118164
0.44114503264427185
-0.547805666923523
0.8264033198356628
-0.3593108057975769
0.5465260148048401
-0.3873507082462311
1.478988528251648
0.08577620983123779
-1.9700394868850708
-0.4654865562915802
1.8575000762939453
1.4315012693405151
-0.22885778546333313
0.7796126008033752
-0.44884243607521057
0.1936558037996292
-1.5508043766021729
-1.4125933647155762
-0.8078092932701111
-1.3080453872680664
0.22001667320728302
0.5107417702674866
0.20816156268119812
-1.9798027276992798
-0.16358047723770142
1.6065258979797363
-1.718872308731079
-0.8819748163223267
-0.9344163537025452
2.7116384506225586
1.7633785009384155
0.38579583168029785
-0.37961119413375854
1.2453831434249878
-1.9549477100372314
2.248671531677246
0.024993719533085823
-1.2759840488433838
-1.5068060159683228
-1.364130973815918
1.1706695556640625
-0.9020134210586548
1.8007864952087402
0.7691121101379395
-1.001476526260376
-1.4664627313613892
-1.2975515127182007
0.9466485381126404
0.12481894344091415
1.1320801973342896
0.3034519553184509
-1.8309098482131958
0.47187063097953796
1.8031044006347656
-0.40493088960647583
-0.47404736280441284
0.4073987603187561
0.08640167117118835
-1.8413927555084229
-1.5342140197753906
1.4375576972961426
0.09788383543491364
-0.8473384976387024
-0.01555699110031128
2.0287511348724365
1.2314420938491821
-1.266266107559204
-0.2243061661720276
-0.24973127245903015
-0.07145990431308746
0.3414064645767212
-0.5561907291412354
-1.7289263010025024
1.7047922611236572
1.1846657991409302
-0.6229281425476074
0.29713520407676697
-1.0710560083389282
-0.6559628248214722
-0.9576362371444702
-1.5303912162780762
-2.1843948364257812
0.08810747414827347
0.43095362186431885
-1.5302300453186035
-1.7371925115585327
0.8398772478103638
-0.16792520880699158
0.2095056027173996
-0.9596874713897705
1.4253153800964355
-0.30578720569610596
0.7113453149795532
-0.04056713730096817
-1.093648910522461
-1.0204706192016602
0.47019487619400024
0.6385067701339722
-1.7194327116012573
0.3282206952571869
1.1031017303466797
1.1581799983978271
1.0609771013259888
-0.6483781933784485
1.5019503831863403
-1.632057547569275
0.41185981035232544
-0.513407826423645
0.8414384126663208
-1.3877744674682617
-1.4354575872421265
0.19017188251018524
0.5263069868087769
-0.4207282066345215
-0.7765026688575745
1.5611988306045532
-0.1580493450164795
1.1181817054748535
-0.8562531471252441
-0.6952065825462341
1.647557020187378
0.7415565252304077
-1.009774923324585
1.1443597078323364
0.53272545337677
2.246671199798584
-0.22776886820793152
-1.5165354013442993
-1.530013918876648
-0.6820224523544312
-1.0812900066375732
1.4768680334091187
0.8480483889579773
-1.0528360605239868
0.8032662868499756
-1.7694978713989258
-0.11542878299951553
-0.16554275155067444
0.45793598890304565
-1.676486849784851
-0.8398368954658508
1.8860725164413452
0.13623234629631042
1.6720463037490845
0.3541285991668701
-0.23673415184020996
0.666010856628418
0.572796642780304
1.374497652053833
-1.433221697807312
0.33041518926620483
-0.31569409370422363
0.9276348352432251
0.8410179018974304
-0.948677659034729
1.5533809661865234
-1.7897026538848877
-0.06287983059883118
-0.3442535996437073
0.22176551818847656
-0.17867541313171387
2.060133457183838
1.6186532974243164
2.042877197265625
-0.2954111099243164
-0.156161367893219
0.5476559400558472
-0.7997385859489441
0.16128979623317719
-2.128087043762207
-0.023536905646324158
0.2500153183937073
0.1699862778186798
-1.2273545265197754
-1.5765349864959717
2.3123250007629395
0.9097633957862854
0.9621655941009521
-1.04117751121521
-2.3102073669433594
0.05392482876777649
-0.3171581029891968
-2.01177978515625
0.7365725040435791
2.007469415664673
-0.8245178461074829
-0.7409934997558594
0.8139834403991699
0.5518599152565002
-1.0846909284591675
0.33284875750541687
1.315198540687561
-0.40622952580451965
1.6771949529647827
0.41232794523239136
-0.4918075203895569
1.5383617877960205
0.7543044686317444
-1.1921899318695068
-0.7977895140647888
0.416406512260437
-0.20420746505260468
1.5045164823532104
0.26959970593452454
0.08470268547534943
-0.07014964520931244
-1.7838503122329712
0.7050143480300903
-1.4866384267807007
-1.2476032972335815
1.0721412897109985
0.9534609317779541
-1.2635235786437988
1.753559947013855
0.34896793961524963
0.9115244150161743
0.2675436735153198
0.19479912519454956
-2.5429749488830566
0.3985593318939209
0.186414897441864
1.4519977569580078
1.4631980657577515
1.4462220668792725
-0.5687538385391235
-0.4034011960029602
0.024814993143081665
0.6126114130020142
-1.815231204032898
-0.7686479687690735
1.828660249710083
1.533808946609497
-0.6262249946594238
-1.7446494102478027
0.7975890636444092
1.1331353187561035
-0.516281008720398
-1.442526936531067
-2.1868555545806885
0.7756561636924744
-0.584557294845581
-1.7488714456558228
2.0584754943847656
-2.0024006366729736
0.2715190649032593
-0.7663812637329102
-0.13892428576946259
0.4766044020652771
1.399712324142456
0.01726524531841278
0.033690497279167175
-0.6851098537445068
1.8553228378295898
-1.8485264778137207
0.8805822134017944
-0.4265958070755005
-2.3527867794036865
0.6564834117889404
-0.448337584733963
0.17803044617176056
-0.11855027824640274
1.3208991289138794
-1.6877423524856567
-0.9707025289535522
-1.3677009344100952
-1.718653678894043
0.6189519166946411
0.912000834941864
2.307612895965576
-0.23494000732898712
-1.448754906654358
-1.160328984260559
-1.4604171514511108
-1.668052077293396
-1.1329489946365356
1.7585258483886719
-1.132299780845642
-1.459078073501587
0.5758954286575317
1.4829187393188477
1.1063510179519653
-1.1007442474365234
-1.2700562477111816
0.6722733974456787
-1.7305976152420044
-0.8257728219032288
-1.1927075386047363
1.260211706161499
-0.24340814352035522
0.16433104872703552
-0.275742769241333
1.1132928133010864
-0.021460147574543953
-1.5656522512435913
1.447567343711853
0.15118645131587982
-0.9320389032363892
-1.2548773288726807
-0.17835184931755066
-0.46387356519699097
1.4636564254760742
-0.8729137182235718
-0.5145292282104492
0.7907082438468933
1.0418033599853516
1.8657125234603882
-2.1825764179229736
1.8774609565734863
2.2325477600097656
0.07303106784820557
1.6756935119628906
-0.6694061160087585
-0.424574613571167
-1.4105912446975708
0.9735239744186401
-0.596580982208252
0.8974211812019348
1.0658680200576782
-1.2274893522262573
0.09736078977584839
-2.0468785762786865
-1.9875991344451904
-1.9326834678649902
1.4014413356781006
1.547358751296997
1.3152655363082886
-1.129899501800537
-0.9835045337677002
-1.2113102674484253
-2.0390737056732178
-1.6038962602615356
0.48319482803344727
-0.7753434181213379
-1.277095079421997
-0.24138812720775604
-2.51798152923584
-0.8263031840324402
1.5002249479293823
0.6644096970558167
-1.3464248180389404
-1.2748138904571533
1.354844570159912
2.1468658447265625
0.9442803263664246
-0.32066088914871216
-1.312990665435791
-0.6174118518829346
-0.04423319548368454
0.7884109616279602
-1.8299745321273804
1.1291238069534302
-0.7006572484970093
0.39811134338378906
0.8182376027107239
-1.782462239265442
0.11762511730194092
-0.3133411407470703
-0.21743683516979218
-0.8649590015411377
1.674329161643982
-0.1200072169303894
0.11551869660615921
-0.6180112361907959
-1.1913657188415527
0.5314543843269348
1.1965105533599854
-1.370198130607605
0.8024374842643738
-0.09535934031009674
-0.9113116264343262
1.7843643426895142
-0.5427846312522888
1.5209370851516724
-0.40647006034851074
-0.12698456645011902
1.0112484693527222
-1.5058618783950806
0.13890162110328674
-0.7130287289619446
1.4011229276657104
-1.1303677558898926
0.7395594716072083
0.32489341497421265
0.22953468561172485
1.9766039848327637
-1.0056313276290894
-0.818286657333374
-0.9594302773475647
1.2759270668029785
0.949787974357605
-0.8586465716362
0.9694707989692688
-0.5012028813362122
1.7539465427398682
2.111555814743042
1.917820692062378
-1.080663800239563
-0.1355891227722168
-0.9722609519958496
-0.697439968585968
0.8424886465072632
-1.9123882055282593
0.21902549266815186
0.3303370475769043
1.6644723415374756
-1.4633495807647705
-1.399094581604004
-1.2374097108840942
1.1932488679885864
1.9341543912887573
-0.44312620162963867
1.3977433443069458
0.6938605308532715
0.8404146432876587
-0.773027777671814
0.7825098037719727
0.6675189137458801
-0.517318606376648
0.660664975643158
-1.8924462795257568
-1.620688796043396
0.9776909947395325
0.5493203997612
-2.195997953414917
1.1181286573410034
1.6928398609161377
-0.6130650043487549
1.527233362197876
1.630165934562683
0.7495999932289124
1.567301869392395
-1.2922289371490479
0.1483219414949417
-1.1634787321090698
-2.34781813621521
1.2717132568359375
0.9440228939056396
-0.20447561144828796
1.0090056657791138
1.3771253824234009
0.108775794506073
2.131909132003784
-1.5016977787017822
-0.2326270043849945
0.23242931067943573
1.2885358333587646
1.976219654083252
0.040643587708473206
0.8863873481750488
-1.6475454568862915
0.5714975595474243
1.6655676364898682
-2.182549476623535
0.6379647850990295
0.11139532178640366
-1.8059399127960205
1.0150237083435059
0.5709154605865479
1.1225868463516235
0.1545177698135376
0.1498323231935501
-1.4888675212860107
-1.4753321409225464
-0.5746580362319946
1.2947709560394287
0.5887571573257446
-0.6624943614006042
-0.047482892870903015
-0.8409870862960815
-0.0012117624282836914
1.5733649730682373
1.259315013885498
-0.13288836181163788
-0.24842222034931183
-1.8804938793182373
2.0787482261657715
0.18390712141990662
-0.5061458349227905
1.1688706874847412
1.4220201969146729
-1.8746837377548218
-1.584762692451477
-1.142026662826538
0.32951319217681885
-0.8579893708229065
-0.687713623046875
1.3083302974700928
-0.3873603343963623
1.701817274093628
-2.852468252182007
-1.4573012590408325
1.2467947006225586
0.5114561319351196
-1.6330281496047974
1.50850248336792
-2.408651351928711
-0.47166895866394043
-1.56006920337677
-1.8331421613693237
1.6315603256225586
1.2689392566680908
0.19746099412441254
0.01867906004190445
0.518672525882721
1.5294016599655151
-1.7632899284362793
-1.8799607753753662
2.304497003555298
-1.0633525848388672
0.46771517395973206
-1.3234102725982666
0.36869335174560547
-1.1450021266937256
0.3291096091270447
1.602135181427002
0.7257840633392334
1.1269184350967407
0.4853382706642151
-1.472062587738037
-1.339831829071045
-1.0754244327545166
0.6112841367721558
-0.47910207509994507
0.7627300024032593
1.3765736818313599
-0.6325196027755737
0.61479651927948
0.888047456741333
0.2027093470096588
1.1913295984268188
-1.0664503574371338
-0.009606868028640747
0.2542612552642822
-0.2718176245689392
-0.5419930219650269
-0.9564339518547058
-0.8331678509712219
0.06075286865234375
1.6725447177886963
0.14617671072483063
0.18722443282604218
0.45790600776672363
1.016413927078247
-1.803804874420166
-1.3435614109039307
1.87580406665802
1.903077483177185
1.9024485349655151
-1.2534377574920654
2.026718854904175
-1.3559108972549438
2.180875778198242
-1.797410011291504
-1.6260433197021484
-0.2617799639701843
2.159733533859253
-0.5144012570381165
0.08121702820062637
1.2836613655090332
-0.10938946902751923
0.5501280426979065
1.571475625038147
1.0762295722961426
-0.8073620200157166
-1.6115318536758423
-1.9985250234603882
-2.0873937606811523
-0.9632177352905273
-1.1349692344665527
-1.535434365272522
1.0367242097854614
2.5312061309814453
-0.6670168042182922
-0.47861966490745544
-0.6322189569473267
-0.5375703573226929
-1.6536742448806763
0.13425633311271667
-1.3058090209960938
0.5739858150482178
1.3352835178375244
1.8681244850158691
-0.2493669092655182
-1.8351141214370728
0.5531299114227295
0.8281042575836182
-0.9840273261070251
1.0432919263839722
-1.628557562828064
1.0433849096298218
-0.4147282838821411
-0.44533053040504456
-0.6805698871612549
-0.06104478985071182
0.34450778365135193
0.21163031458854675
-1.674667239189148
2.114328622817993
0.46277758479118347
1.5253630876541138
-0.7352439761161804
-0.6824803352355957
1.2847843170166016
2.013981819152832
0.5845506191253662
1.818800687789917
-0.31268996000289917
-0.873489499092102
-0.5097229480743408
1.5724053382873535
-0.13080769777297974
2.007476806640625
-0.29125189781188965
1.6590509414672852
0.2967679798603058
-0.7598673105239868
-1.3720057010650635
1.6573305130004883
1.2865550518035889
-1.0713043212890625
-0.6225801110267639
1.638443112373352
1.137730360031128
1.9124199151992798
0.5452960133552551
-0.9364417195320129
1.5007237195968628
-0.24679537117481232
-1.555572271347046
0.7215110063552856
1.4642856121063232
-0.4284633994102478
-0.22435379028320312
-0.0011590160429477692
-1.2186250686645508
-1.0167973041534424
1.0226439237594604
0.14504987001419067
1.2042242288589478
-1.6394816637039185
0.7771525979042053
1.703418254852295
-1.5528995990753174
0.39006102085113525
1.4074561595916748
0.7404674887657166
1.54239821434021
1.3716650009155273
1.1287821531295776
1.4086034297943115
1.6310968399047852
1.193412184715271
1.4919568300247192
1.2598670721054077
2.2895328998565674
1.1259691715240479
1.9487777948379517
1.1945070028305054
1.5730483531951904
0.9546180367469788
-2.3999125957489014
1.1861450672149658
-1.8503693342208862
0.9063061475753784
-1.121683955192566
0.7127428650856018
-0.0006415992975234985
-1.3763355016708374
-0.43460795283317566
-0.8125894665718079
1.0852751731872559
-0.3389993906021118
1.2047101259231567
-0.24020062386989594
0.780780553817749
-0.30243366956710815
1.5644211769104004
-0.303727388381958
1.2527759075164795
-0.5496260523796082
1.2715494632720947
-0.38052868843078613
0.9057028889656067
-0.16921477019786835
0.5773978233337402
-0.8176607489585876
0.6605847477912903
-0.6404807567596436
0.8551642894744873
-1.4281578063964844
0.7140425443649292
1.3869038820266724
2.126540422439575
-0.5367869734764099
1.5482956171035767
-0.46095937490463257
0.7312585115432739
0.7873216867446899
-0.6829885840415955
0.3379361927509308
-0.8506735563278198
2.3623321056365967
-2.488158702850342
-1.058159351348877
0.9894508123397827
2.036780834197998
-0.32212334871292114
-1.8753606081008911
0.6073131561279297
1.4886422157287598
-0.802753210067749
-0.36969733238220215
1.1799217462539673
1.4267109632492065
1.8655229806900024
-0.6145028471946716
-1.996018886566162
-2.399636745452881
-0.10645213723182678
1.7765260934829712
-1.1176501512527466
1.9360287189483643
0.5945106148719788
1.246235966682434
1.2077934741973877
-1.307327389717102
0.018818065524101257
1.9449334144592285
1.6589696407318115
2.3978092670440674
-0.9231800436973572
0.4661368429660797
-1.7043269872665405
0.13341808319091797
2.6179237365722656
1.258204698562622
-0.597169816493988
-1.319979190826416
-2.178441286087036
-0.8896323442459106
-0.395918607711792
-1.543980360031128
-1.7046871185302734
-1.155622959136963
0.11913430690765381
1.4622975587844849
1.8009692430496216
-1.4402540922164917
-0.18554069101810455
-1.1125026941299438
-0.5492400527000427
-0.3513738512992859
-1.373425006866455
0.7492333054542542
-1.4047373533248901
-0.4896721839904785
-0.2884759306907654
1.3230042457580566
2.2619073390960693
-2.2449424266815186
1.8109720945358276
1.8984529972076416
-0.7777411937713623
1.7071502208709717
-0.25006595253944397
-0.9861966967582703
0.5484989881515503
1.8460696935653687
-1.691758155822754
-0.35859739780426025
-0.7349944114685059
-1.0892828702926636
-1.5568885803222656
-0.6271493434906006
-1.4693468809127808
-0.004027038812637329
-2.0190439224243164
0.736975908279419
-1.7154085636138916
-1.4979267120361328
-1.569284439086914
1.8024230003356934
0.8531123399734497
2.157466411590576
-1.3359888792037964
-1.1737488508224487
-1.5356796979904175
2.4258711338043213
-1.0250271558761597
-0.5548452138900757
-0.6363611817359924
-0.34352201223373413
0.6365631818771362
-1.5099366903305054
-1.4204126596450806
-0.9982446432113647
-0.5931721925735474
1.2657091617584229
1.392945408821106
1512.233949165525