1.2305949926376343
-0.5476263761520386
-0.2188914716243744
0.7061455249786377
0.6540087461471558
-0.7835506796836853
-2.232708692550659
1.4886369705200195
2.2330596446990967
-0.6020970344543457
-0.43638119101524353
0.01984449476003647
-0.9483869671821594
-1.0689287185668945
-0.08359620720148087
-0.4086323082447052
1.10238516330719
-0.43825799226760864
0.7396928071975708
-0.7283345460891724
1.1903102397918701
0.9326840043067932
-0.2746787667274475
1.250815749168396
1.2889742851257324
1.520211935043335
-0.637262225151062
1.3366682529449463
0.8742467164993286
0.6952288746833801
-0.2896336317062378
1.341286063194275
-0.7398269772529602
1.0598891973495483
0.344311386346817
1.2922693490982056
0.9496902227401733
0.5071983337402344
-2.3310370445251465
-2.538450002670288
0.544387936592102
1.2389734983444214
-0.3949349820613861
1.8143059015274048
-0.3435225188732147
1.4389619827270508
2.2434465885162354
-1.0035732984542847
0.8362687826156616
0.45471182465553284
1.6330797672271729
1.0545954704284668
2.591017723083496
0.7959843277931213
0.5525922179222107
-2.0314745903015137
1.1593773365020752
0.7375357151031494
2.5387046337127686
1.6598330736160278
1.5111228227615356
-1.3887534141540527
0.9039382338523865
1.3359661102294922
-0.43410438299179077
0.966646134853363
-2.0149989128112793
1.1485536098480225
1.8987059593200684
-1.5013712644577026
-1.1652600765228271
2.6436588764190674
-0.4308928847312927
0.9114526510238647
-1.0212353467941284
-0.08641666173934937
0.2841482162475586
-1.2742599248886108
0.3535979986190796
-1.2065279483795166
0.08705473691225052
1.2588251829147339
-2.616685152053833
1.1479250192642212
-1.4833124876022339
-2.1332528591156006
-1.6047887802124023
0.9599753618240356
-2.1684107780456543
-0.5050504803657532
0.2849401533603668
0.5117691159248352
0.8971623182296753
-1.70712411403656
0.482166588306427
-0.9233196377754211
-1.3287321329116821
2.2176096439361572
-0.12604862451553345
0.8637129664421082
0.7731581330299377
-0.44457343220710754
-1.89808988571167
-2.0376999378204346
-1.3209247589111328
-2.4797239303588867
-2.97389817237854
1.1069196462631226
1.6765050888061523
-0.44181880354881287
1.9596902132034302
0.2479599118232727
-0.5990559458732605
1.9061074256896973
0.8779327869415283
1.1342726945877075
-1.8756083250045776
-2.263089656829834
0.16627778112888336
-0.5950834155082703
-0.4811743199825287
-0.6056985855102539
0.08926661312580109
0.4715779423713684
-0.8066043853759766
0.4761313498020172
-1.1363545656204224
-2.0443382263183594
1.098123550415039
1.2701404094696045
-2.0594711303710938
-1.8394834995269775
-2.2515194416046143
1.4482256174087524
-1.4093661308288574
-0.623051643371582
-1.1752378940582275
1.6810132265090942
-1.614742398262024
0.30654555559158325
0.5610203146934509
1.6058216094970703
1.094817876815796
1.0815188884735107
1.2493456602096558
0.06122380495071411
1.3311764001846313
-1.8085126876831055
-1.2115626335144043
1.5238037109375
-1.549170970916748
1.7510876655578613
-0.0021759942173957825
-2.1315414905548096
-1.6011205911636353
-1.3148045539855957
-0.7732314467430115
-2.556901454925537
-0.7251509428024292
-0.7788989543914795
-0.8576618432998657
-0.15453270077705383
0.4390123188495636
0.07370472699403763
-1.7757872343063354
0.029340021312236786
0.48395460844039917
-0.45386597514152527
0.8389302492141724
0.12077750265598297
0.45461440086364746
0.2958037853240967
-0.4630250930786133
-0.8243744969367981
-1.4695818424224854
-0.3502541482448578
-1.1509064435958862
0.4734311103820801
0.41004371643066406
0.9390343427658081
2.398744583129883
0.626460075378418
-0.5175542831420898
-0.08526551723480225
0.4320167303085327
2.0809755325317383
0.10105931758880615
-0.3302028179168701
-0.22427983582019806
-1.1652995347976685
-1.5518544912338257
1.0881028175354004
-0.5709286332130432
-2.7741005420684814
1.9317950010299683
-1.6105669736862183
-1.574616551399231
-0.8750933408737183
1.5782324075698853
-1.9624297618865967
-1.2707735300064087
0.5071678161621094
-1.5451198816299438
-1.5804636478424072
1.0566660165786743
-0.5201740860939026
-1.269840955734253
2.572810411453247
0.04786427319049835
-0.6960816383361816
-0.7098158001899719
1.0516581535339355
-1.7522454261779785
-0.251066118478775
0.32224735617637634
-0.44584864377975464
1.100408911705017
1.9210047721862793
-1.3979666233062744
0.20248441398143768
1.2961608171463013
0.9330258965492249
0.49684983491897583
-1.5797920227050781
-0.10445760190486908
2.0949058532714844
-2.1762239933013916
1.6832289695739746
1.2220983505249023
0.14854708313941956
-1.6734637022018433
0.4505172371864319
1.6592590808868408
1.8646719455718994
2.0362329483032227
-1.6453429460525513
-0.84073805809021
-1.019073724746704
0.10268952697515488
-1.853670358657837
-0.5306733846664429
2.342393159866333
0.28207510709762573
-1.6123924255371094
-0.09974208474159241
1.6107515096664429
-0.05592738091945648
1.9792554378509521
1.7619065046310425
-2.057783842086792
-1.9875560998916626
2.099616289138794
-1.389317274093628
1.354547142982483
1.6350971460342407
0.2784252166748047
0.8252506256103516
-1.430014729499817
-0.7290043830871582
1.6231348514556885
-0.08721192181110382
-2.892094373703003
0.578403115272522
1.0507267713546753
0.2856888771057129
-1.289118766784668
1.3176038265228271
-1.6094725131988525
-0.3156289756298065
2.0403378009796143
-0.978461503982544
0.4797205924987793
0.1870904564857483
0.532923698425293
-0.8287090063095093
-0.01012808084487915
-1.652426838874817
2.646775960922241
0.09642554819583893
-1.905442714691162
-2.4220364093780518
-0.29694241285324097
2.225898504257202
1.0587295293807983
0.34689861536026
0.3036131262779236
0.25633394718170166
-1.2218092679977417
-0.035556644201278687
1.9876888990402222
-0.6149724125862122
0.4748649597167969
0.4500401020050049
-0.8444625735282898
1.044129729270935
1.6656255722045898
-0.6949300169944763
-1.6662092208862305
-1.1326290369033813
1.3439161777496338
0.9960690140724182
-0.39038893580436707
-0.8247802257537842
0.009736984968185425
0.2758435606956482
0.27996087074279785
-1.1320078372955322
-0.9884383082389832
0.010806312784552574
0.1938822865486145
1.5509508848190308
0.43463143706321716
-0.41331034898757935
1.3613332509994507
-0.25180426239967346
1.7714710235595703
-1.28371262550354
-0.43063732981681824
-2.5038957595825195
0.47788071632385254
-1.5241732597351074
-0.3702312111854553
0.6812300086021423
-2.6833462715148926
-0.8485000133514404
-0.623584508895874
-0.976466953754425
-0.2654292583465576
-1.5200860500335693
-0.26893138885498047
-2.331234931945801
1.231287956237793
-1.3201271295547485
0.011533625423908234
1.6727391481399536
1.5262523889541626
2.160515546798706
0.259108304977417
-0.22163847088813782
-0.8140650391578674
0.5271479487419128
-2.0315425395965576
0.5881786346435547
0.331980437040329
-1.1241414546966553
1.923701286315918
1.2922139167785645
1.2928268909454346
0.4790932238101959
-1.2925708293914795
1.0679703950881958
-0.892725944519043
-1.4724093675613403
1.6956316232681274
2.077603578567505
-1.2904881238937378
2.0152015686035156
-1.7389910221099854
-0.8864991664886475
0.7984959483146667
-0.801550030708313
0.1840968132019043
0.7236839532852173
1.8871562480926514
-0.5689300894737244
0.4085349142551422
0.3410274386405945
-0.15183544158935547
1.474507212638855
-1.0721700191497803
-0.15944568812847137
1.8278640508651733
-1.8063551187515259
0.38563719391822815
-0.039437729865312576
-1.2572262287139893
-1.4332940578460693
2.3586699962615967
-1.9867568016052246
-0.5283963680267334
1.6008151769638062
-0.16141341626644135
-1.9484559297561646
0.39591968059539795
-0.3994537591934204
-1.906935453414917
-2.0087621212005615
-0.01598598062992096
-0.516525387763977
-0.17235541343688965
-0.22084230184555054
-1.1266541481018066
1.9782874584197998
-1.4378259181976318
1.0891486406326294
-3.040647506713867
-1.093427300453186
0.6806572675704956
1.5422608852386475
0.42066559195518494
-1.383586049079895
-0.9433820843696594
-0.37792783975601196
0.2658197283744812
0.6798713207244873
1.8173235654830933
-0.07089835405349731
-0.40265414118766785
0.45244207978248596
-1.7653801441192627
0.04418299347162247
-1.9913216829299927
0.7740041017532349
0.018751785159111023
-0.42926669120788574
1.764839768409729
-0.4018036127090454
-2.174349784851074
-0.7204838395118713
0.8192453980445862
-0.7023987174034119
0.5496044158935547
2.165494680404663
1.8184237480163574
0.19177085161209106
-0.6242934465408325
-1.8388824462890625
-0.7755422592163086
-0.16231870651245117
0.5758878588676453
-1.6684374809265137
-0.14900635182857513
2.0661227703094482
1.8238461017608643
-0.6867091655731201
1.2586241960525513
1.2026233673095703
1.8685275316238403
-0.3156278431415558
1.3854293823242188
-0.970383882522583
-1.3949030637741089
-0.3634311556816101
1.0115083456039429
1.527118444442749
1.7569270133972168
0.9088057279586792
-0.43151313066482544
0.4769338369369507
0.5793275237083435
2.6154539585113525
-2.5120608806610107
0.32145828008651733
2.2701056003570557
2.5253703594207764
-0.3697294592857361
1.700425386428833
-0.3830176591873169
-0.5637205243110657
-1.1449378728866577
0.9484782218933105
-1.4222264289855957
1.2993606328964233
1.1483792066574097
0.42727020382881165
-0.7695030570030212
-1.2456655502319336
0.8424693942070007
1.5878788232803345
-1.8115944862365723
-0.4604068398475647
-1.0559064149856567
-1.9727686643600464
-1.3844261169433594
-0.00312630832195282
2.556819438934326
-0.7438519597053528
-1.8311811685562134
-2.6524641513824463
2.3253185749053955
1.5472772121429443
0.8556948304176331
-1.056673288345337
1.2078204154968262
-0.1499742716550827
-0.32448989152908325
-2.319714307785034
-0.5248301029205322
-0.7104904055595398
-1.5606242418289185
1.5754036903381348
-1.1429075002670288
-1.1486090421676636
-1.3704367876052856
-1.5900373458862305
2.1100265979766846
-1.9666121006011963
-0.8902625441551208
-0.14010979235172272
1.1172975301742554
1.017051339149475
-2.211221694946289
1.9876796007156372
0.4450949430465698
-0.5667165517807007
1.7517331838607788
-1.2410404682159424
0.32228612899780273
-1.4379009008407593
-0.8083428144454956
-0.31485244631767273
1.1653491258621216
1.8940235376358032
0.45060721039772034
1.0165672302246094
-1.5690397024154663
-0.18097169697284698
0.8945752382278442
1.1129080057144165
-0.13449981808662415
0.7745197415351868
0.34154438972473145
1.6949409246444702
-0.7968000173568726
0.9507688283920288
-1.0139522552490234
-2.736326217651367
1.9173380136489868
0.0679197907447815
0.41801631450653076
-1.2183408737182617
0.8702513575553894
-1.7429991960525513
0.6322921514511108
1.3846180438995361
-0.1537887006998062
0.9222225546836853
0.05773480236530304
-1.155530571937561
-1.513694405555725
-1.4551972150802612
0.6124725341796875
-0.5051586031913757
1.5828497409820557
-1.9826936721801758
-0.9514272212982178
-0.476440966129303
-0.13522325456142426
-1.6155260801315308
-1.4620640277862549
-1.876473307609558
0.3587382435798645
1.6884759664535522
0.7300448417663574
2.1506035327911377
-0.8595647215843201
1.2477807998657227
-1.1271865367889404
-0.8291791081428528
-0.6749227643013
-1.0244877338409424
-1.115220308303833
0.5563008189201355
0.12564398348331451
-0.11596435308456421
-1.9580098390579224
1.380985140800476
1.3510518074035645
0.8441249132156372
-1.1725550889968872
0.29135096073150635
-1.301727533340454
1.216642141342163
-0.5766967535018921
-1.9791018962860107
-1.3634034395217896
0.643711268901825
0.7744694352149963
-0.2831520736217499
-1.8560466766357422
-0.8117713928222656
-0.854826807975769
-0.0712083950638771
-0.6812788248062134
-0.8598285913467407
0.40405187010765076
-1.0846729278564453
-1.5074161291122437
-1.864342212677002
0.38106220960617065
-0.26759153604507446
-0.29253843426704407
0.029923655092716217
-1.9111535549163818
0.10840654373168945
-3.0247039794921875
-0.3489950895309448
1.2437771558761597
-1.3109315633773804
1.8773504495620728
-0.4145463705062866
-1.8843783140182495
1.401865005493164
1.4873707294464111
-0.16929945349693298
1.548587441444397
-0.15663078427314758
-0.777320384979248
2.727863073348999
1.0017595291137695
-0.044664256274700165
1.762072205543518
-1.352887749671936
0.7607764005661011
1.477006196975708
1.7771289348602295
-0.30063673853874207
-1.8191951513290405
0.5657268166542053
0.507871150970459
-0.8148716688156128
-2.1540884971618652
0.2717863619327545
1.2826120853424072
-0.10682809352874756
1.037634253501892
-0.9433203339576721
-0.33254408836364746
0.33412015438079834
1.8186923265457153
2.481938362121582
-1.465438723564148
-1.515407919883728
-1.0157042741775513
0.5347561240196228
-0.6091008186340332
1.5092835426330566
-1.6496416330337524
2.110227346420288
1.3940520286560059
0.5449774265289307
-0.7688610553741455
0.5371086001396179
0.664400577545166
1.567249059677124
2.4133152961730957
1.7032537460327148
-0.17948788404464722
0.314040869474411
-0.44378381967544556
0.2735288739204407
1.4095005989074707
0.8520969152450562
0.1770133227109909
-0.4218776524066925
0.8186061978340149
0.5227710604667664
0.882672131061554
0.3310787081718445
0.19808107614517212
-2.0999107360839844
1.0584077835083008
0.7209408283233643
1.31150221824646
0.6028528809547424
0.1383754462003708
-1.5522592067718506
1.556536078453064
-1.3592877388000488
-2.247964382171631
2.0541155338287354
0.2379673719406128
2.15793776512146
-0.15391507744789124
-0.0172417014837265
-1.730039119720459
0.570892333984375
-0.2170562893152237
-1.24418306350708
-1.044994831085205
0.13215145468711853
0.1915564090013504
-0.3893222212791443
1.383265495300293
-0.7455435395240784
-1.0786629915237427
0.34891122579574585
-0.32544395327568054
-0.7913650274276733
0.06917230784893036
-1.5532290935516357
0.3141563832759857
1.1935101747512817
1.8634178638458252
1.3648799657821655
-0.6704503297805786
0.1432775855064392
-0.5302135944366455
-1.0108411312103271
-2.316011428833008
0.5866714119911194
1.5109069347381592
0.5390790700912476
0.9727813005447388
1.0478434562683105
-0.31487423181533813
-0.03033098392188549
-0.9545610547065735
0.7337065935134888
0.04957015812397003
0.09871908277273178
-1.0843822956085205
-0.6316839456558228
1.2507903575897217
-1.1917202472686768
0.727258563041687
-1.358970284461975
0.6822917461395264
0.3017638921737671
-1.2778525352478027
1.6050463914871216
0.44252052903175354
0.8032477498054504
-1.2835625410079956
-0.15474340319633484
0.8921678066253662
0.11293762177228928
-0.2931298613548279
1.7466508150100708
-0.25785261392593384
2.424546480178833
-0.0750434547662735
-0.13302484154701233
-2.0351414680480957
1.1931778192520142
-0.3488297462463379
-0.09825477004051208
0.7427090406417847
2.1246776580810547
1.2408480644226074
1.1016392707824707
-1.7706503868103027
0.858708381652832
0.38759684562683105
-0.17725753784179688
1.5751049518585205
2.249680519104004
0.17062775790691376
0.4807772934436798
0.830346941947937
-1.224997639656067
-0.6125839948654175
-0.973040759563446
-1.5235930681228638
-1.1045821905136108
-1.1314222812652588
-1.8251303434371948
0.17813576757907867
1.2933785915374756
-1.9995691776275635
0.9357390999794006
-0.8651303648948669
0.8505899906158447
0.6534615755081177
-0.7869299054145813
-0.16802452504634857
-0.6190598607063293
0.022046297788619995
-0.13986817002296448
-0.126137837767601
-1.1929032802581787
-1.0711649656295776
1.8498677015304565
-0.7172826528549194
-1.1923658847808838
1.242020606994629
1.2322677373886108
-0.8925809264183044
-1.324840784072876
0.3070269525051117
0.12680265307426453
0.8543335199356079
-0.9934457540512085
-0.4517306089401245
-0.18338675796985626
-1.251882791519165
-1.2461724281311035
1.093348503112793
-1.605529546737671
0.539911150932312
-0.3466283977031708
1.2141364812850952
-1.2458522319793701
0.785565197467804
1.1104869842529297
-2.6056101322174072
-0.7895662784576416
1.6543328762054443
1.4365407228469849
-1.1379799842834473
2.262253761291504
0.024614401161670685
-2.240635871887207
0.1861288696527481
0.547752857208252
0.5338109135627747
-1.4779634475708008
2.098376989364624
1.491220474243164
1.9775887727737427
-1.016972303390503
-0.9606059789657593
0.2673988342285156
-1.7791990041732788
0.6624314188957214
0.5338302850723267
-1.2990543842315674
0.22408989071846008
-0.42856672406196594
-1.6840236186981201
-1.5480207204818726
0.8684307932853699
-0.15566936135292053
0.8171219825744629
0.12898290157318115
-1.797065258026123
0.6832923293113708
0.5216928720474243
-1.421821117401123
-1.4260754585266113
-1.8147187232971191
-0.03545067459344864
0.4516935646533966
-1.045910358428955
2.0371389389038086
-0.35618019104003906
-0.6195167303085327
0.503383457660675
1.5938961505889893
-1.0493042469024658
1.1618596315383911
2.1852636337280273
0.6842042207717896
1.537103533744812
1.5342704057693481
-1.8241432905197144
-0.8269219994544983
-2.0675737857818604
-0.01582500711083412
-1.3797727823257446
0.47512286901474
-0.851295530796051
0.5545914173126221
-0.9054670929908752
-0.9466623067855835
0.17676164209842682
-1.8302111625671387
0.8742866516113281
-0.8621463179588318
-1.8828905820846558
1.4149845838546753
-1.1818252801895142
2.0749943256378174
2.2111055850982666
-2.414388656616211
-1.656124472618103
1.134336233139038
1.0438669919967651
0.12963832914829254
-0.7324999570846558
0.27475377917289734
1.623177170753479
-0.9603084325790405
-0.85311359167099
-1.7462173700332642
3.159505844116211
-0.15005333721637726
0.6784796118736267
-0.7034451365470886
-1.5225474834442139
-1.258867621421814
-1.7147375345230103
-1.7520920038223267
1.8664437532424927
-0.4831090569496155
-0.47885680198669434
-0.3979854881763458
-1.355568766593933
-0.12975150346755981
0.07384320348501205
-1.4994568824768066
1.6767247915267944
0.6087728142738342
-0.6500002145767212
-1.9970676898956299
-2.20478892326355
0.6926599144935608
1.080248475074768
-1.9307769536972046
-1.2823574542999268
-0.7957785725593567
-0.8825507164001465
0.2005356252193451
-1.4421907663345337
-0.4570867121219635
1.0865880250930786
1.639414668083191
-0.812312662601471
1.6388109922409058
-1.0485007762908936
-0.8107254505157471
-1.5268592834472656
-1.7637304067611694
-2.3380932807922363
1.6234135627746582
-0.4195272922515869
1.2169606685638428
-1.8849183320999146
-0.06673286110162735
-1.3230788707733154
1.7860034704208374
-0.6003191471099854
-0.8050194978713989
0.4049041271209717
-1.230383038520813
1.3449726104736328
-2.3315303325653076
1.3340197801589966
-0.7953331470489502
-0.9941840767860413
0.6857787370681763
0.184529110789299
-1.1025090217590332
0.7839053273200989
-2.323951482772827
-0.8918507099151611
-0.0888950303196907
0.15150734782218933
0.8373568058013916
0.35960495471954346
-1.6724610328674316
2.34506893157959
-0.10710587352514267
1.4727026224136353
1.6231663227081299
-0.9639546871185303
-0.09651069343090057
-0.6062561273574829
0.7795277833938599
-1.4039992094039917
-2.630401134490967
-0.21293094754219055
1.6441506147384644
-0.8716362118721008
1.5980496406555176
0.9413900971412659
1.1999551057815552
-0.9413551688194275
1.2579212188720703
-0.08818671852350235
1.0513763427734375
0.4625500440597534
-1.598118782043457
0.8064689636230469
0.2796759307384491
-1.685934066772461
-1.307252287864685
-0.6909790635108948
1.9427380561828613
0.0725981593132019
1.8222039937973022
1.1056721210479736
1.6633586883544922
-1.4762736558914185
0.6491137742996216
-0.09076683223247528
0.5950297713279724
0.9605018496513367
-1.0696152448654175
-0.7547464370727539
-0.8329658508300781
-0.825961709022522
0.13434119522571564
-1.6455360651016235
-0.47835612297058105
-0.06468574702739716
-0.22292812168598175
-1.1980692148208618
1.8396152257919312
-1.132761001586914
1.2792983055114746
2.5551741123199463
-0.014370158314704895
0.25477123260498047
-1.799501657485962
0.06531686335802078
-1.8784438371658325
-1.2587006092071533
-1.183969497680664
0.6079850792884827
-0.5329415798187256
1.1779754161834717
0.2638312876224518
2.047741413116455
-1.064656138420105
2.550154447555542
-1.8856016397476196
-0.5277500152587891
-0.5881178379058838
1.264341115951538
0.803367018699646
1.3582996129989624
1.3858193159103394
-1.8226021528244019
-1.614020824432373
1.0431443452835083
0.5674670934677124
-0.04263582080602646
-0.49235689640045166
1.3500760793685913
-0.14460283517837524
0.7837168574333191
1.191534161567688
2.1553564071655273
1.5144163370132446
-1.770564317703247
-1.1170148849487305
1.3742858171463013
0.8985470533370972
-1.353197693824768
-2.561779499053955
1.3226194381713867
2.010917901992798
-0.49497777223587036
-1.6801650524139404
1.2356897592544556
-0.3823741674423218
2.303262710571289
-0.8248612284660339
-2.627769947052002
-0.6252182126045227
-1.0539300441741943
-1.468349814414978
0.12231742590665817
0.5319545269012451
-1.6177152395248413
2.083418369293213
1.4909031391143799
1.0383119583129883
2.055145025253296
0.8487152457237244
2.460414409637451
2.295797348022461
0.9069173336029053
1.2896188497543335
2.498810052871704
-0.1357525885105133
1.5609688758850098
0.38819557428359985
0.5330972671508789
-0.5717847347259521
-0.3467966616153717
-0.40663039684295654
0.5477355122566223
1.3494431972503662
-0.5124989151954651
-0.42068806290626526
0.9710471034049988
1.5700205564498901
1.3607203960418701
-1.4554301500320435
-1.192223310470581
-2.674231767654419
-0.6804612278938293
-0.9477432370185852
-1.4573216438293457
-1.467851996421814
-1.4119229316711426
0.635246753692627
2.1596057415008545
-0.7582938075065613
0.34523722529411316
-0.40854811668395996
0.7418950200080872
0.342114120721817
-0.9241183996200562
-0.8774753212928772
0.9849182963371277
0.6179113388061523
0.8575030565261841
-0.35169360041618347
-0.905656635761261
0.9061574935913086
-1.0152019262313843
-1.8782248497009277
0.5518112182617188
-1.3477561473846436
1.7917149066925049
2.3739516735076904
-2.2119433879852295
-1.2797341346740723
2.240903377532959
0.1472751647233963
1.6867257356643677
1.787716269493103
-1.1645028591156006
1.6636849641799927
-1.6094176769256592
-0.5360185503959656
-0.34212687611579895
2.089324712753296
0.14190350472927094
-1.2661917209625244
1.0041205883026123
1.4946246147155762
-0.3850743770599365
1.2419251203536987
-0.4038580060005188
1.7501106262207031
1.1663434505462646
-1.9905925989151
-0.8982304930686951
0.40788596868515015
0.825321614742279
0.41336789727211
1.6155716180801392
1.959319829940796
0.25681132078170776
1.5799773931503296
0.6484496593475342
1.0577718019485474
0.8427411913871765
0.9660384654998779
1.5625641345977783
-0.8894692659378052
1.3845062255859375
-0.2902472913265228
1.9761964082717896
-2.0838253498077393
-0.7568138241767883
-0.12385536730289459
1.6049100160598755
-0.9252245426177979
0.47141170501708984
1.2466959953308105
-0.5653780102729797
1.5313363075256348
-0.6681677103042603
-0.10791391879320145
0.08234170079231262
0.1172010600566864
0.240970179438591
-0.6361281871795654
-1.9683445692062378
2.065640449523926
-1.1061090230941772
1.9386388063430786
-2.051347255706787
0.8630727529525757
-0.27400264143943787
1.1949172019958496
0.42587918043136597
0.4723632335662842
-1.8186461925506592
-2.1140389442443848
-1.3748146295547485
-2.2970917224884033
0.2839106321334839
-1.1624011993408203
0.02550649642944336
1.2227407693862915
0.5162957906723022
0.7533801198005676
1.3355779647827148
0.38360342383384705
1.276196837425232
-0.9141420722007751
0.3404163122177124
1.1229963302612305
-1.6179237365722656
2.110156536102295
-2.395061731338501
0.5587966442108154
0.43413448333740234
-1.9358837604522705
-1.1999807357788086
-0.7695361375808716
1.5392839908599854
1.2794309854507446
-1.255672812461853
1.355807900428772
-1.6319904327392578
1.5361567735671997
-2.3870480060577393
-1.1668941974639893
-0.18501412868499756
-1.2119373083114624
0.003344280645251274
-1.0056341886520386
0.903299868106842
-0.7009029984474182
-1.632920503616333
-1.916528582572937
-1.2805941104888916
-0.12842907011508942
0.503608226776123
1.586548924446106
-1.0262126922607422
-0.7857400178909302
1.9010181427001953
1.9893745183944702
-2.6078572273254395
-1.0864957571029663
-1.34938383102417
1.5273666381835938
0.8947014808654785
0.45441508293151855
-0.19040606915950775
-1.7451539039611816
1.0604100227355957
-1.3215848207473755
-1.982589602470398
0.9611785411834717
-0.3549923896789551
0.32372671365737915
0.8909592628479004
-1.1028687953948975
-0.991618275642395
0.061121538281440735
-1.0663942098617554
0.3410199284553528
-2.619910955429077
2.066225528717041
0.4182179272174835
-0.7857717275619507
-2.033156394958496
-0.24618777632713318
1.5817348957061768
0.8461988568305969
-1.6622753143310547
1.9180588722229004
-1.2820760011672974
-2.0481204986572266
1.3809115886688232
0.014060452580451965
1.4000282287597656
-0.679465115070343
1.0765950679779053
0.2764923572540283
0.2093285173177719
1.2634862661361694
-1.1082152128219604
-0.3800450563430786
-0.6332202553749084
-0.43903470039367676
2.5334742069244385
-0.6773349046707153
1.8503820896148682
-0.11615461111068726
1.1872820854187012
1.322455644607544
2.0796923637390137
0.14414739608764648
0.7554389834403992
1.6875113248825073
-0.6033369302749634
-0.41582149267196655
-0.5579777359962463
0.7356357574462891
-1.4940332174301147
-0.662631630897522
1.009421706199646
-0.1767866313457489
-1.740155816078186
0.16911199688911438
2.0516927242279053
1.1592388153076172
-1.6800780296325684
-0.894284188747406
1.2987804412841797
-1.9648027420043945
0.8550635576248169
-1.3717507123947144
2.3370649814605713
-0.7657873630523682
1.850785255432129
2.0649001598358154
1.2909955978393555
0.8102538585662842
-1.7712677717208862
1.284294605255127
0.7176088690757751
-1.1317793130874634
-0.1277129203081131
1.2954418659210205
1.3725706338882446
0.3837844133377075
1.0158671140670776
0.11926014721393585
-1.9576482772827148
-1.0839059352874756
-0.7544854879379272
1.5755629539489746
-2.334940195083618
-0.20271490514278412
1.733918309211731
1.002646565437317
1.0547187328338623
0.766904354095459
-1.838377833366394
-0.1991177350282669
-1.1098204851150513
0.8954623937606812
-1.5263056755065918
-0.15756675601005554
0.7573877573013306
-0.21524874866008759
0.1507093757390976
1.0781936645507812
-2.1818394660949707
0.28066182136535645
1.4335331916809082
0.202045276761055
-0.22988568246364594
-2.4303784370422363
0.7843469977378845
1.1527009010314941
-0.7903302907943726
-1.7249996662139893
1.401044249534607
1.0243504047393799
1.7303522825241089
-0.43819087743759155
-1.7982099056243896
-0.6881344318389893
-1.2693982124328613
1.7642402648925781
-0.9207310080528259
1.4165774583816528
2.300001621246338
-1.352181077003479
1.8729994297027588
1.0857470035552979
-1.1475169658660889
-1.3378760814666748
1.057551383972168
-0.2038576304912567
0.21506410837173462
2.5776190757751465
1.9206225872039795
-2.7837653160095215
-0.718874990940094
2.4544692039489746
1.651417851448059
1.997147798538208
0.11656709015369415
0.16328787803649902
-0.9759202003479004
0.02767103910446167
0.4755741357803345
1.1669176816940308
1.0875896215438843
2.115039587020874
2.1440231800079346
0.3420194983482361
0.23451074957847595
0.9263542890548706
-0.782368540763855
1.3148772716522217
1.1518340110778809
1351.619960722186